n,b,sample_size,start,stop,treedist
n,b,sample_size,start,stop,treedist
1,0,25,0,100,4.492989e+01
1,0,25,50,150,1.444034e+01
1,0,25,100,200,5.924984e+00
1,0,25,150,250,2.447403e+00
1,0,25,200,300,3.766758e+00
1,0,25,250,350,6.153788e+00
1,0,25,300,400,1.828911e+00
1,0,25,350,450,1.834386e+00
1,0,25,400,500,1.841206e+00
1,0,25,450,550,1.330212e+00
1,0,25,500,600,1.748208e+00
1,0,25,550,650,1.680018e+00
1,0,25,600,700,1.656748e+00
1,0,25,650,750,1.428417e+00
1,0,25,700,800,7.453926e-01
1,0,25,750,850,1.761660e+00
1,0,25,800,900,1.015645e+00
1,0,25,850,950,2.105660e+00
2,1,25,0,100,4.463866e+00
2,1,25,50,150,2.373156e+00
2,1,25,100,200,1.160844e+00
2,1,25,150,250,1.714785e+00
2,1,25,200,300,3.121630e+00
2,1,25,250,350,2.047738e+00
2,1,25,300,400,1.868736e+00
2,1,25,350,450,2.035003e+00
2,1,25,400,500,2.036985e+00
2,1,25,450,550,1.299801e+00
2,1,25,500,600,1.466617e+00
2,1,25,550,650,1.969767e+00
2,1,25,600,700,1.785359e+00
2,1,25,650,750,1.395606e+00
2,1,25,700,800,7.752733e-01
2,1,25,750,850,5.907289e-01
2,1,25,800,900,5.961821e-01
2,1,25,850,950,6.649924e-01
3,2,25,0,100,4.089696e+00
3,2,25,50,150,2.429193e+00
3,2,25,100,200,2.360151e+00
3,2,25,150,250,2.837710e+00
3,2,25,200,300,2.499655e+00
3,2,25,250,350,2.972973e+00
3,2,25,300,400,1.984324e+00
3,2,25,350,450,2.489565e+00
3,2,25,400,500,2.490010e+00
3,2,25,450,550,2.345648e+00
3,2,25,500,600,2.690552e+00
3,2,25,550,650,2.478121e+00
3,2,25,600,700,1.950073e+00
3,2,25,650,750,1.054705e+00
3,2,25,700,800,1.342377e+00
3,2,25,750,850,1.009260e+00
3,2,25,800,900,1.453882e+00
3,2,25,850,950,1.781819e+00
4,3,25,0,100,1.886998e+00
4,3,25,50,150,7.954185e-01
4,3,25,100,200,8.056851e-01
4,3,25,150,250,1.266357e+00
4,3,25,200,300,2.189333e+00
4,3,25,250,350,2.123687e+00
4,3,25,300,400,2.066683e+00
4,3,25,350,450,2.237979e+00
4,3,25,400,500,2.237187e+00
4,3,25,450,550,2.867662e+00
4,3,25,500,600,3.124085e+00
4,3,25,550,650,5.524964e+00
4,3,25,600,700,3.070623e+00
4,3,25,650,750,2.011431e+00
4,3,25,700,800,3.142599e+00
4,3,25,750,850,2.206357e+00
4,3,25,800,900,2.579830e+00
4,3,25,850,950,8.278353e+00
5,4,25,0,100,1.772747e+01
5,4,25,50,150,1.078059e+01
5,4,25,100,200,2.583038e+00
5,4,25,150,250,2.726835e+00
5,4,25,200,300,2.121518e+00
5,4,25,250,350,1.809452e+00
5,4,25,300,400,2.081604e+00
5,4,25,350,450,1.975376e+00
5,4,25,400,500,1.970630e+00
5,4,25,450,550,1.468525e+00
5,4,25,500,600,2.015752e+00
5,4,25,550,650,1.977400e+00
5,4,25,600,700,1.406122e+00
5,4,25,650,750,9.195938e-01
5,4,25,700,800,1.558097e+00
5,4,25,750,850,1.690426e+00
5,4,25,800,900,1.800297e+00
5,4,25,850,950,1.250219e+00
6,5,25,0,100,4.074790e+00
6,5,25,50,150,2.994222e+00
6,5,25,100,200,1.553717e+00
6,5,25,150,250,2.819093e+00
6,5,25,200,300,6.044852e+00
6,5,25,250,350,3.955047e+00
6,5,25,300,400,4.118292e+00
6,5,25,350,450,5.027645e+00
6,5,25,400,500,5.003829e+00
6,5,25,450,550,2.630352e+00
6,5,25,500,600,2.939338e+00
6,5,25,550,650,3.088731e+00
6,5,25,600,700,2.250283e+00
6,5,25,650,750,1.425427e+00
6,5,25,700,800,8.289269e-01
6,5,25,750,850,7.504469e-01
6,5,25,800,900,6.699909e-01
6,5,25,850,950,7.620060e-01
7,6,25,0,100,1.623505e+00
7,6,25,50,150,3.176047e+00
7,6,25,100,200,2.338696e+00
7,6,25,150,250,2.404256e+00
7,6,25,200,300,4.473295e+00
7,6,25,250,350,4.596943e+00
7,6,25,300,400,3.993225e+00
7,6,25,350,450,4.592857e+00
7,6,25,400,500,4.604437e+00
7,6,25,450,550,3.733762e+00
7,6,25,500,600,3.858723e+00
7,6,25,550,650,4.304205e+00
7,6,25,600,700,2.753195e+00
7,6,25,650,750,1.830231e+00
7,6,25,700,800,2.011250e+00
7,6,25,750,850,1.080497e+00
7,6,25,800,900,6.927719e-01
7,6,25,850,950,6.494946e-01
8,7,25,0,100,2.164899e+01
8,7,25,50,150,8.145892e+00
8,7,25,100,200,3.169632e+00
8,7,25,150,250,2.387781e+00
8,7,25,200,300,2.776013e+00
8,7,25,250,350,2.474581e+00
8,7,25,300,400,2.521378e+00
8,7,25,350,450,2.364771e+00
8,7,25,400,500,2.364960e+00
8,7,25,450,550,1.886596e+00
8,7,25,500,600,1.986433e+00
8,7,25,550,650,2.448329e+00
8,7,25,600,700,1.804310e+00
8,7,25,650,750,1.358274e+00
8,7,25,700,800,7.165222e-01
8,7,25,750,850,6.110224e-01
8,7,25,800,900,9.382125e-01
8,7,25,850,950,1.021157e+00
9,8,25,0,100,1.854859e+00
9,8,25,50,150,1.246900e+00
9,8,25,100,200,1.133661e+00
9,8,25,150,250,2.025839e+00
9,8,25,200,300,2.907279e+00
9,8,25,250,350,3.014151e+00
9,8,25,300,400,2.184558e+00
9,8,25,350,450,2.282255e+00
9,8,25,400,500,2.273841e+00
9,8,25,450,550,2.630747e+00
9,8,25,500,600,2.673147e+00
9,8,25,550,650,3.975230e+00
9,8,25,600,700,2.053939e+00
9,8,25,650,750,1.230878e+00
9,8,25,700,800,9.818840e-01
9,8,25,750,850,1.162734e+00
9,8,25,800,900,1.184282e+00
9,8,25,850,950,1.474005e+00
10,9,25,0,100,4.494716e+00
10,9,25,50,150,2.990588e+00
10,9,25,100,200,2.641046e+00
10,9,25,150,250,2.601451e+00
10,9,25,200,300,4.051061e+00
10,9,25,250,350,3.342896e+00
10,9,25,300,400,2.851124e+00
10,9,25,350,450,2.722088e+00
10,9,25,400,500,2.740094e+00
10,9,25,450,550,1.135845e+00
10,9,25,500,600,1.328359e+00
10,9,25,550,650,1.163470e+00
10,9,25,600,700,1.282210e+00
10,9,25,650,750,8.014185e-01
10,9,25,700,800,6.379675e-01
10,9,25,750,850,6.285029e-01
10,9,25,800,900,6.378720e-01
10,9,25,850,950,6.794170e-01
11,10,25,0,100,1.183580e+00
11,10,25,50,150,2.001344e+00
11,10,25,100,200,2.536057e+00
11,10,25,150,250,3.342622e+00
11,10,25,200,300,3.575781e+00
11,10,25,250,350,3.922339e+00
11,10,25,300,400,3.521660e+00
11,10,25,350,450,3.709270e+00
11,10,25,400,500,3.289518e+00
11,10,25,450,550,1.856246e+00
11,10,25,500,600,3.948798e+00
11,10,25,550,650,4.251812e+00
11,10,25,600,700,2.877393e+00
11,10,25,650,750,1.819344e+00
11,10,25,700,800,9.005973e-01
11,10,25,750,850,1.074034e+00
11,10,25,800,900,7.849979e-01
11,10,25,850,950,1.123079e+00
12,11,25,500,600,1.596663e+00
12,11,25,550,650,1.528941e+00
12,11,25,600,700,1.207309e+00
12,11,25,650,750,1.035314e+00
12,11,25,700,800,5.830135e-01
12,11,25,750,850,5.039441e-01
12,11,25,800,900,5.562167e-01
12,11,25,850,950,1.176054e+00
13,12,25,0,100,1.611500e+00
13,12,25,50,150,1.711358e+00
13,12,25,100,200,1.494333e+00
13,12,25,150,250,1.669293e+00
13,12,25,200,300,3.912792e+00
13,12,25,250,350,3.695400e+00
13,12,25,300,400,2.990953e+00
13,12,25,350,450,1.997212e+00
13,12,25,400,500,1.896888e+00
13,12,25,450,550,1.591939e+00
13,12,25,500,600,2.689537e+00
13,12,25,550,650,2.734372e+00
13,12,25,600,700,3.145576e+00
13,12,25,650,750,1.591640e+00
13,12,25,700,800,1.665463e+00
13,12,25,750,850,8.183666e-01
13,12,25,800,900,5.685855e-01
13,12,25,850,950,5.315415e-01
14,13,25,0,100,1.125530e+00
14,13,25,50,150,2.051175e+00
14,13,25,100,200,2.332401e+00
14,13,25,150,250,4.421734e+00
14,13,25,200,300,4.515364e+00
14,13,25,250,350,4.056917e+00
14,13,25,300,400,4.047097e+00
14,13,25,350,450,4.094970e+00
14,13,25,400,500,4.093437e+00
14,13,25,450,550,2.592235e+00
14,13,25,500,600,3.905853e+00
14,13,25,550,650,3.609972e+01
14,13,25,600,700,2.166333e+00
14,13,25,650,750,1.438358e+00
14,13,25,700,800,1.513108e+00
14,13,25,750,850,1.105908e+00
14,13,25,800,900,1.112594e+00
n,b,sample_size,start,stop,treedist
15,14,25,0,100,2.421083e+00
15,14,25,50,150,1.831786e+00
15,14,25,100,200,1.689153e+00
15,14,25,150,250,2.134043e+00
15,14,25,200,300,5.878768e+00
15,14,25,250,350,3.324082e+00
15,14,25,300,400,7.142868e+00
15,14,25,350,450,2.936489e+00
15,14,25,400,500,2.942083e+00
15,14,25,450,550,3.083803e+00
15,14,25,500,600,2.564146e+00
15,14,25,550,650,3.175375e+00
15,14,25,600,700,2.302666e+00
15,14,25,650,750,1.734680e+00
15,14,25,700,800,1.262693e+00
15,14,25,750,850,7.094476e-01
15,14,25,800,900,4.135791e-01
15,14,25,850,950,6.506949e-01
16,15,25,0,100,4.152342e+00
16,15,25,50,150,1.782114e+00
16,15,25,100,200,1.071857e+00
16,15,25,150,250,1.268742e+00
16,15,25,200,300,1.609623e+00
16,15,25,250,350,1.646243e+00
16,15,25,300,400,1.599438e+00
16,15,25,350,450,1.494181e+00
16,15,25,400,500,1.493829e+00
16,15,25,450,550,1.261525e+00
16,15,25,500,600,1.677365e+00
16,15,25,550,650,1.821622e+00
16,15,25,600,700,1.386791e+00
16,15,25,650,750,1.307668e+00
16,15,25,700,800,1.059105e+00
16,15,25,750,850,6.467081e-01
16,15,25,800,900,7.119486e-01
16,15,25,850,950,8.119845e-01
17,16,25,0,100,2.376777e+00
17,16,25,50,150,3.411066e+00
17,16,25,100,200,1.652966e+00
17,16,25,150,250,4.295471e+00
17,16,25,200,300,4.885436e+00
17,16,25,250,350,2.522039e+00
17,16,25,300,400,2.403721e+00
17,16,25,350,450,2.034968e+00
17,16,25,400,500,2.018069e+00
17,16,25,450,550,1.467299e+00
17,16,25,500,600,1.759671e+00
17,16,25,550,650,1.808795e+00
17,16,25,600,700,1.911794e+00
17,16,25,650,750,1.301551e+00
17,16,25,700,800,1.578179e+00
17,16,25,750,850,1.131564e+00
17,16,25,800,900,1.140933e+00
17,16,25,850,950,1.381419e+00
18,17,25,0,100,4.317652e+00
18,17,25,50,150,2.081507e+00
18,17,25,100,200,1.041614e+00
18,17,25,150,250,2.304206e+00
18,17,25,200,300,2.347203e+00
18,17,25,250,350,1.613420e+00
18,17,25,300,400,1.344319e+00
18,17,25,350,450,1.311016e+00
18,17,25,400,500,1.313561e+00
18,17,25,450,550,1.332499e+00
18,17,25,500,600,1.347816e+00
18,17,25,550,650,1.504878e+00
18,17,25,600,700,1.487391e+00
18,17,25,650,750,1.216001e+00
18,17,25,700,800,5.860814e-01
18,17,25,750,850,5.854294e-01
18,17,25,800,900,5.786158e-01
18,17,25,850,950,6.203769e-01
19,18,25,0,100,9.156123e-01
19,18,25,50,150,1.007092e+00
19,18,25,100,200,1.389124e+00
19,18,25,150,250,1.688134e+00
19,18,25,200,300,1.734881e+00
19,18,25,250,350,1.536857e+00
19,18,25,300,400,2.441882e+00
19,18,25,350,450,1.937023e+00
19,18,25,400,500,1.928986e+00
19,18,25,450,550,2.167410e+00
19,18,25,500,600,2.782738e+00
19,18,25,550,650,3.988882e+00
19,18,25,600,700,1.977141e+00
19,18,25,650,750,1.626002e+00
19,18,25,700,800,1.208635e+00
19,18,25,750,850,7.626027e-01
19,18,25,800,900,4.685405e-01
19,18,25,850,950,7.872518e-01
20,19,25,0,100,2.605311e+00
20,19,25,50,150,1.794620e+00
20,19,25,100,200,1.071278e+00
20,19,25,150,250,2.314391e+00
20,19,25,200,300,2.212873e+00
20,19,25,250,350,2.183972e+00
20,19,25,300,400,2.162797e+00
20,19,25,350,450,2.210410e+00
20,19,25,400,500,2.208289e+00
20,19,25,450,550,1.961620e+00
20,19,25,500,600,3.165773e+00
20,19,25,550,650,4.251022e+00
20,19,25,600,700,4.279582e+00
20,19,25,650,750,2.336705e+00
20,19,25,700,800,1.897683e+00
20,19,25,750,850,6.788078e-01
20,19,25,800,900,6.409216e-01
20,19,25,850,950,1.170202e+00
21,20,25,600,700,2.497338e+00
21,20,25,650,750,1.937663e+00
21,20,25,700,800,2.470983e+00
21,20,25,750,850,5.370657e-01
21,20,25,800,900,5.666972e-01
21,20,25,850,950,8.252247e-01
22,21,25,50,150,8.473115e-01
22,21,25,100,200,1.058780e+00
22,21,25,150,250,8.972711e-01
22,21,25,200,300,1.964529e+00
22,21,25,250,350,1.684771e+00
22,21,25,300,400,1.435364e+00
22,21,25,350,450,1.040137e+00
22,21,25,400,500,1.038997e+00
22,21,25,450,550,1.227690e+00
22,21,25,500,600,1.050481e+00
22,21,25,550,650,1.221122e+00
22,21,25,600,700,1.024363e+00
22,21,25,650,750,9.345414e-01
22,21,25,700,800,6.715184e-01
22,21,25,750,850,5.312628e-01
22,21,25,800,900,4.752785e-01
22,21,25,850,950,4.519687e-01
23,22,25,0,100,1.570090e+00
23,22,25,50,150,1.492567e+00
23,22,25,100,200,1.081097e+00
23,22,25,150,250,1.431419e+00
23,22,25,200,300,1.686215e+00
23,22,25,250,350,1.591394e+00
23,22,25,300,400,1.967693e+00
23,22,25,350,450,2.504294e+00
23,22,25,400,500,2.520761e+00
23,22,25,450,550,1.164773e+00
23,22,25,500,600,1.379327e+00
23,22,25,550,650,1.287918e+00
23,22,25,600,700,1.194087e+00
23,22,25,650,750,1.187753e+00
23,22,25,700,800,7.135675e-01
23,22,25,750,850,7.320002e-01
23,22,25,800,900,5.684342e-01
23,22,25,850,950,5.923192e-01
24,23,25,0,100,5.127963e+00
24,23,25,50,150,3.191000e+00
24,23,25,100,200,1.954043e+00
24,23,25,150,250,2.831031e+00
24,23,25,200,300,3.275061e+00
24,23,25,250,350,3.287389e+00
24,23,25,300,400,3.477838e+00
24,23,25,350,450,2.991058e+00
24,23,25,400,500,2.994933e+00
24,23,25,450,550,3.756353e+00
24,23,25,500,600,4.020288e+00
24,23,25,550,650,8.456012e+00
24,23,25,600,700,3.753851e+00
24,23,25,650,750,2.651531e+00
24,23,25,700,800,1.762222e+00
24,23,25,750,850,1.559440e+00
24,23,25,800,900,1.024618e+00
24,23,25,850,950,1.040603e+00
25,24,25,0,100,7.352108e+00
25,24,25,50,150,3.747936e+00
25,24,25,100,200,1.279356e+00
25,24,25,150,250,2.343457e+00
25,24,25,200,300,3.300696e+00
25,24,25,250,350,3.136178e+00
25,24,25,300,400,3.317458e+00
25,24,25,350,450,3.084734e+00
25,24,25,400,500,3.097214e+00
25,24,25,450,550,2.459658e+00
25,24,25,500,600,4.331885e+00
25,24,25,550,650,1.392493e+01
25,24,25,600,700,4.204243e+00
25,24,25,650,750,2.487563e+00
25,24,25,700,800,1.296346e+00
25,24,25,750,850,8.177418e-01
25,24,25,800,900,8.147391e-01
25,24,25,850,950,1.332163e+00
26,25,25,0,100,1.891287e+00
26,25,25,50,150,1.935360e+00
26,25,25,100,200,1.599383e+00
26,25,25,150,250,1.436647e+00
26,25,25,200,300,1.798194e+00
26,25,25,250,350,1.438340e+00
26,25,25,300,400,1.567297e+00
26,25,25,350,450,1.544263e+00
26,25,25,400,500,1.547010e+00
26,25,25,450,550,1.260462e+00
26,25,25,500,600,1.566468e+00
26,25,25,550,650,2.113674e+00
26,25,25,600,700,1.191392e+00
26,25,25,650,750,9.645103e-01
26,25,25,700,800,1.291943e+00
26,25,25,750,850,1.246107e+00
26,25,25,800,900,8.777150e-01
26,25,25,850,950,1.151610e+00
27,26,25,0,100,1.894097e+00
27,26,25,50,150,1.658677e+00
27,26,25,100,200,9.809895e-01
27,26,25,150,250,5.039254e+00
27,26,25,200,300,2.815080e+00
27,26,25,250,350,4.042786e+00
27,26,25,300,400,3.196165e+00
27,26,25,350,450,2.901893e+00
27,26,25,400,500,2.901799e+00
27,26,25,450,550,1.630348e+00
27,26,25,500,600,2.272959e+00
27,26,25,550,650,3.016270e+00
27,26,25,600,700,1.626316e+00
27,26,25,650,750,1.346695e+00
27,26,25,700,800,1.276132e+00
27,26,25,750,850,9.149918e-01
27,26,25,800,900,8.091186e-01
27,26,25,850,950,8.711742e-01
28,27,25,0,100,1.208989e+00
28,27,25,50,150,1.284157e+00
28,27,25,100,200,1.833726e+00
28,27,25,150,250,2.048024e+00
28,27,25,200,300,3.027295e+00
28,27,25,250,350,2.448360e+00
28,27,25,300,400,2.619784e+00
28,27,25,350,450,2.470680e+00
28,27,25,400,500,2.471970e+00
28,27,25,450,550,1.628112e+00
28,27,25,500,600,2.664763e+00
28,27,25,550,650,3.718114e+00
28,27,25,600,700,1.473823e+00
28,27,25,650,750,1.497870e+00
28,27,25,700,800,1.168442e+00
28,27,25,750,850,9.971474e-01
28,27,25,800,900,9.938733e-01
28,27,25,850,950,1.094086e+00
29,28,25,0,100,3.017521e+00
29,28,25,50,150,2.053389e+00
29,28,25,100,200,3.175342e+00
29,28,25,150,250,3.383172e+00
29,28,25,200,300,4.059204e+00
29,28,25,250,350,3.728922e+00
29,28,25,300,400,3.376654e+00
29,28,25,350,450,3.384732e+00
29,28,25,400,500,3.390553e+00
29,28,25,450,550,2.294623e+00
29,28,25,500,600,2.718549e+00
29,28,25,550,650,2.866232e+00
29,28,25,600,700,2.094162e+00
29,28,25,650,750,1.064540e+00
29,28,25,700,800,7.161843e-01
29,28,25,750,850,8.398421e-01
29,28,25,800,900,7.916931e-01
29,28,25,850,950,9.944379e-01
30,29,25,0,100,1.921564e+00
30,29,25,50,150,1.040429e+00
30,29,25,100,200,5.977027e-01
30,29,25,150,250,1.332924e+00
30,29,25,200,300,1.756872e+00
30,29,25,250,350,1.937736e+00
30,29,25,300,400,1.754121e+00
30,29,25,350,450,1.885369e+00
30,29,25,400,500,1.883941e+00
30,29,25,450,550,3.075838e+00
30,29,25,500,600,2.431492e+00
30,29,25,550,650,4.017247e+00
30,29,25,600,700,3.232235e+00
30,29,25,650,750,1.290716e+00
30,29,25,700,800,1.235700e+00
30,29,25,750,850,9.101695e-01
30,29,25,800,900,7.706457e-01
30,29,25,850,950,1.052277e+00
31,30,25,0,100,2.725835e+01
31,30,25,50,150,1.443718e+01
31,30,25,100,200,6.438870e+00
31,30,25,150,250,4.364093e+00
31,30,25,200,300,5.166933e+00
31,30,25,250,350,2.323826e+00
31,30,25,300,400,3.201872e+00
31,30,25,350,450,2.459412e+00
31,30,25,400,500,2.441456e+00
31,30,25,450,550,2.390236e+00
31,30,25,500,600,2.334572e+00
31,30,25,550,650,2.799539e+00
31,30,25,600,700,1.864846e+00
31,30,25,650,750,1.363555e+00
31,30,25,700,800,1.944406e+00
31,30,25,750,850,1.618013e+00
31,30,25,800,900,1.609817e+00
n,b,sample_size,start,stop,treedist
32,31,25,0,100,3.620264e+00
32,31,25,50,150,1.931007e+00
32,31,25,100,200,3.021507e+00
32,31,25,150,250,2.582339e+00
32,31,25,200,300,5.965754e+00
32,31,25,250,350,5.037939e+00
32,31,25,300,400,4.584100e+00
32,31,25,350,450,3.070999e+00
32,31,25,400,500,3.056360e+00
32,31,25,450,550,1.574290e+00
32,31,25,500,600,1.604265e+00
32,31,25,550,650,2.243866e+00
32,31,25,600,700,1.826546e+00
32,31,25,650,750,1.427361e+00
32,31,25,700,800,1.028571e+00
32,31,25,750,850,5.207237e-01
32,31,25,800,900,5.125056e-01
32,31,25,850,950,4.701662e-01
33,32,25,0,100,4.115461e+00
33,32,25,50,150,1.885433e+00
33,32,25,100,200,2.173557e+00
33,32,25,150,250,3.567863e+00
33,32,25,200,300,4.106120e+00
33,32,25,250,350,4.215363e+00
33,32,25,300,400,4.684722e+00
33,32,25,350,450,5.097259e+00
33,32,25,400,500,5.092632e+00
33,32,25,450,550,4.556783e+00
33,32,25,500,600,1.416478e+01
33,32,25,550,650,2.236893e+01
33,32,25,600,700,2.683042e+00
33,32,25,650,750,1.468638e+00
33,32,25,700,800,6.843687e-01
33,32,25,750,850,6.696636e-01
33,32,25,800,900,1.124917e+00
33,32,25,850,950,1.046061e+00
34,33,25,0,100,4.296074e+00
34,33,25,50,150,3.045662e+00
34,33,25,100,200,1.790419e+00
34,33,25,150,250,3.102771e+00
34,33,25,200,300,2.591246e+00
34,33,25,250,350,2.267364e+00
34,33,25,300,400,2.022164e+00
34,33,25,350,450,2.031121e+00
34,33,25,400,500,2.024521e+00
34,33,25,450,550,1.103847e+00
34,33,25,500,600,2.335771e+00
34,33,25,550,650,2.222281e+00
34,33,25,600,700,1.911988e+00
34,33,25,650,750,9.199965e-01
34,33,25,700,800,6.299686e-01
34,33,25,750,850,7.813075e-01
34,33,25,800,900,6.926512e-01
34,33,25,850,950,8.632432e-01
35,34,25,550,650,6.466680e+00
35,34,25,600,700,2.833700e+00
35,34,25,650,750,2.357781e+00
35,34,25,700,800,1.655390e+00
35,34,25,750,850,1.616267e+00
35,34,25,800,900,1.062589e+00
35,34,25,850,950,1.167390e+00
36,35,25,450,550,4.131621e+00
36,35,25,500,600,4.114805e+00
36,35,25,550,650,3.937518e+00
36,35,25,600,700,2.003039e+00
36,35,25,650,750,1.275552e+00
36,35,25,700,800,9.218274e-01
36,35,25,750,850,6.238420e-01
36,35,25,800,900,1.054764e+00
36,35,25,850,950,1.132156e+00
37,36,25,0,100,5.224636e+00
37,36,25,50,150,3.100670e+00
37,36,25,100,200,8.561644e-01
37,36,25,150,250,1.633462e+00
37,36,25,200,300,2.033714e+00
37,36,25,250,350,2.191270e+00
37,36,25,300,400,2.770390e+00
37,36,25,350,450,2.499648e+00
37,36,25,400,500,2.483965e+00
37,36,25,450,550,2.296353e+00
37,36,25,500,600,1.985374e+00
37,36,25,550,650,1.713714e+00
37,36,25,600,700,1.820775e+00
37,36,25,650,750,1.192018e+00
37,36,25,700,800,8.685853e-01
37,36,25,750,850,7.503629e-01
37,36,25,800,900,1.051176e+00
37,36,25,850,950,1.930159e+00
38,37,25,450,550,1.750730e+00
38,37,25,500,600,2.080213e+00
38,37,25,550,650,1.813139e+00
38,37,25,600,700,1.473322e+00
38,37,25,650,750,1.252480e+00
38,37,25,700,800,1.039991e+00
38,37,25,750,850,5.268528e-01
38,37,25,800,900,3.986391e-01
38,37,25,850,950,5.072860e-01
39,38,25,0,100,1.836830e+00
39,38,25,50,150,2.643491e+00
39,38,25,100,200,2.278385e+00
39,38,25,150,250,2.506733e+00
39,38,25,200,300,3.388927e+00
39,38,25,250,350,2.584928e+00
39,38,25,300,400,2.695367e+00
39,38,25,350,450,2.349350e+00
39,38,25,400,500,2.345820e+00
39,38,25,450,550,2.541274e+00
39,38,25,500,600,3.558161e+00
39,38,25,550,650,2.390011e+00
39,38,25,600,700,2.619266e+00
39,38,25,650,750,1.492763e+00
39,38,25,700,800,1.107702e+00
39,38,25,750,850,7.311898e-01
39,38,25,800,900,6.118291e-01
39,38,25,850,950,7.826069e-01
40,39,25,0,100,2.449847e+01
40,39,25,50,150,1.009615e+01
40,39,25,100,200,3.044242e+00
40,39,25,150,250,3.181337e+00
40,39,25,200,300,2.187569e+00
40,39,25,250,350,1.668358e+00
40,39,25,300,400,1.694298e+00
40,39,25,350,450,2.724503e+00
40,39,25,400,500,2.727457e+00
40,39,25,450,550,1.540291e+00
40,39,25,500,600,1.648121e+00
40,39,25,550,650,2.299327e+00
40,39,25,600,700,1.905022e+00
40,39,25,650,750,9.907369e-01
40,39,25,700,800,1.907087e+00
40,39,25,750,850,2.176452e+00
40,39,25,800,900,1.232574e+00
40,39,25,850,950,1.696941e+00
41,40,25,0,100,2.762011e+00
41,40,25,50,150,1.172322e+00
41,40,25,100,200,1.619501e+00
41,40,25,150,250,1.336526e+00
41,40,25,200,300,2.858058e+00
41,40,25,250,350,2.042161e+00
41,40,25,300,400,1.171845e+00
41,40,25,350,450,1.271092e+00
41,40,25,400,500,1.234558e+00
41,40,25,450,550,1.054262e+00
41,40,25,500,600,1.233137e+00
41,40,25,550,650,1.933547e+00
41,40,25,600,700,1.343913e+00
41,40,25,650,750,8.272481e-01
41,40,25,700,800,5.432966e-01
41,40,25,750,850,5.809438e-01
41,40,25,800,900,4.868022e-01
41,40,25,850,950,6.537000e-01
42,41,25,200,300,5.768805e+00
42,41,25,250,350,6.701434e+00
42,41,25,300,400,6.252525e+00
42,41,25,350,450,7.447058e+00
42,41,25,400,500,7.450650e+00
42,41,25,450,550,4.274366e+00
42,41,25,500,600,3.008285e+00
42,41,25,550,650,3.319842e+00
42,41,25,600,700,2.790215e+00
42,41,25,650,750,2.206952e+00
42,41,25,700,800,1.767177e+00
42,41,25,750,850,1.597727e+00
42,41,25,800,900,1.551174e+00
42,41,25,850,950,1.425997e+00
43,42,25,0,100,2.952379e+00
43,42,25,50,150,1.875041e+00
43,42,25,100,200,1.397280e+00
43,42,25,150,250,2.060883e+00
43,42,25,200,300,3.848516e+00
43,42,25,250,350,4.466449e+00
43,42,25,300,400,4.563144e+00
43,42,25,350,450,3.025786e+00
43,42,25,400,500,3.024723e+00
43,42,25,450,550,1.836530e+00
43,42,25,500,600,2.461046e+00
43,42,25,550,650,2.359464e+00
43,42,25,600,700,1.757767e+00
43,42,25,650,750,1.513035e+00
43,42,25,700,800,1.208684e+00
43,42,25,750,850,7.553288e-01
43,42,25,800,900,8.423928e-01
43,42,25,850,950,1.184710e+00
44,43,25,200,300,3.013819e+00
44,43,25,250,350,2.889822e+00
44,43,25,300,400,2.039286e+00
44,43,25,350,450,1.796442e+00
44,43,25,400,500,1.796037e+00
44,43,25,450,550,1.323682e+00
44,43,25,500,600,1.800249e+00
44,43,25,550,650,1.958546e+00
44,43,25,600,700,1.499870e+00
44,43,25,650,750,1.373864e+00
44,43,25,700,800,1.232259e+00
44,43,25,750,850,5.137936e-01
44,43,25,800,900,5.868467e-01
44,43,25,850,950,5.938633e-01
45,44,25,0,100,1.016408e+01
45,44,25,50,150,4.613461e+00
45,44,25,100,200,1.561514e+00
45,44,25,150,250,5.575154e+00
45,44,25,200,300,8.140477e+00
45,44,25,250,350,6.504255e+00
45,44,25,300,400,6.401409e+00
45,44,25,350,450,7.107392e+00
45,44,25,400,500,7.117287e+00
45,44,25,450,550,3.923875e+00
45,44,25,500,600,3.521528e+00
45,44,25,550,650,3.656837e+00
45,44,25,600,700,2.993402e+00
45,44,25,650,750,1.363842e+00
45,44,25,700,800,6.865621e+00
45,44,25,750,850,6.597807e+00
45,44,25,800,900,4.294132e+00
45,44,25,850,950,3.749206e+00
46,45,25,0,100,5.949497e+00
46,45,25,50,150,3.766820e+00
46,45,25,100,200,1.896350e+00
46,45,25,150,250,2.368564e+00
46,45,25,200,300,4.449119e+00
46,45,25,250,350,5.544591e+00
46,45,25,300,400,2.563690e+00
46,45,25,350,450,5.035965e+00
46,45,25,400,500,5.040742e+00
46,45,25,450,550,2.110960e+00
46,45,25,500,600,1.886791e+00
46,45,25,550,650,1.939291e+00
46,45,25,600,700,1.768268e+00
46,45,25,650,750,8.743457e-01
46,45,25,700,800,6.844654e-01
46,45,25,750,850,7.191023e-01
46,45,25,800,900,9.767717e-01
46,45,25,850,950,1.140633e+00
47,46,25,0,100,1.045421e+01
47,46,25,50,150,7.839483e+00
47,46,25,100,200,2.710050e+00
47,46,25,150,250,2.048009e+00
47,46,25,200,300,4.167577e+00
47,46,25,250,350,2.860620e+00
47,46,25,300,400,2.192235e+00
47,46,25,350,450,1.875753e+00
47,46,25,400,500,1.875186e+00
47,46,25,450,550,1.616744e+00
47,46,25,500,600,1.731396e+00
47,46,25,550,650,1.791628e+00
47,46,25,600,700,1.674092e+00
47,46,25,650,750,1.436355e+00
47,46,25,700,800,9.398971e-01
47,46,25,750,850,5.967431e-01
47,46,25,800,900,6.424643e-01
47,46,25,850,950,5.861430e-01
48,47,25,0,100,2.678961e+00
48,47,25,50,150,4.035427e+00
48,47,25,100,200,1.925946e+00
48,47,25,150,250,3.425328e+00
48,47,25,200,300,6.141964e+00
48,47,25,250,350,6.140514e+00
48,47,25,300,400,4.271611e+00
48,47,25,350,450,3.847392e+00
48,47,25,400,500,3.856068e+00
48,47,25,450,550,1.608645e+00
48,47,25,500,600,1.769941e+00
48,47,25,550,650,1.755397e+00
48,47,25,600,700,1.142624e+00
48,47,25,650,750,8.605348e-01
48,47,25,700,800,6.021425e-01
48,47,25,750,850,5.388851e-01
48,47,25,800,900,5.158902e-01
48,47,25,850,950,5.378260e-01
49,48,25,0,100,2.223818e+00
49,48,25,50,150,3.131446e+00
49,48,25,100,200,1.565732e+00
49,48,25,150,250,3.673752e+00
49,48,25,200,300,5.907885e+00
49,48,25,250,350,2.727297e+00
49,48,25,300,400,3.287263e+00
49,48,25,350,450,2.858707e+00
49,48,25,400,500,2.864189e+00
49,48,25,450,550,2.284996e+00
49,48,25,500,600,2.088378e+00
49,48,25,550,650,4.365816e+00
49,48,25,600,700,1.850169e+00
49,48,25,650,750,1.084424e+00
49,48,25,700,800,1.079669e+00
49,48,25,750,850,9.883107e-01
49,48,25,800,900,6.406611e-01
49,48,25,850,950,7.173454e-01
50,49,25,0,100,1.690625e+00
50,49,25,50,150,1.378284e+00
50,49,25,100,200,1.398633e+00
50,49,25,150,250,1.430521e+00
50,49,25,200,300,1.647193e+00
50,49,25,250,350,1.378313e+00
50,49,25,300,400,1.431813e+00
50,49,25,350,450,1.407845e+00
50,49,25,400,500,1.407098e+00
50,49,25,450,550,1.329869e+00
50,49,25,500,600,1.853199e+00
50,49,25,550,650,2.070876e+00
50,49,25,600,700,1.376135e+00
50,49,25,650,750,1.116662e+00
50,49,25,700,800,1.421124e+00
50,49,25,750,850,9.416218e-01
50,49,25,800,900,1.162868e+00
50,49,25,850,950,1.493234e+00
51,50,25,0,100,2.072207e+00
51,50,25,50,150,1.015699e+00
51,50,25,100,200,8.536608e-01
51,50,25,150,250,1.382312e+00
51,50,25,200,300,2.023891e+00
51,50,25,250,350,2.677284e+00
51,50,25,300,400,1.932421e+00
51,50,25,350,450,2.018485e+00
51,50,25,400,500,2.020987e+00
51,50,25,450,550,1.458105e+00
51,50,25,500,600,1.750000e+00
51,50,25,550,650,1.893346e+00
51,50,25,600,700,4.382199e+00
51,50,25,650,750,3.949169e+00
51,50,25,700,800,1.581615e+00
51,50,25,750,850,2.004707e+00
51,50,25,800,900,1.578253e+00
51,50,25,850,950,2.355596e+00
52,51,25,0,100,1.167162e+01
52,51,25,50,150,1.951406e+00
52,51,25,100,200,2.390981e+00
52,51,25,150,250,2.739555e+00
52,51,25,200,300,3.656539e+00
52,51,25,250,350,3.460381e+00
52,51,25,300,400,2.597586e+00
52,51,25,350,450,1.905262e+00
52,51,25,400,500,1.896368e+00
52,51,25,450,550,1.462764e+00
52,51,25,500,600,3.362091e+00
52,51,25,550,650,2.121768e+00
52,51,25,600,700,1.482398e+00
52,51,25,650,750,1.487765e+00
52,51,25,700,800,1.477405e+00
52,51,25,750,850,6.456411e-01
52,51,25,800,900,6.155002e-01
52,51,25,850,950,5.366951e-01
53,52,25,0,100,1.577716e+00
53,52,25,50,150,2.982122e+00
53,52,25,100,200,1.615322e+00
53,52,25,150,250,2.258908e+00
53,52,25,200,300,2.266003e+00
53,52,25,250,350,2.084423e+00
53,52,25,300,400,1.968703e+00
53,52,25,350,450,1.917644e+00
53,52,25,400,500,1.921891e+00
53,52,25,450,550,1.327426e+00
53,52,25,500,600,1.612646e+00
53,52,25,550,650,1.593142e+00
53,52,25,600,700,1.284566e+00
53,52,25,650,750,1.545210e+00
53,52,25,700,800,1.189409e+00
53,52,25,750,850,7.292691e-01
53,52,25,800,900,5.451069e-01
53,52,25,850,950,8.143300e-01
54,53,25,0,100,1.521527e+00
54,53,25,50,150,1.010687e+00
54,53,25,100,200,1.268308e+00
54,53,25,150,250,3.163910e+00
54,53,25,200,300,4.029455e+00
54,53,25,250,350,3.696574e+00
54,53,25,300,400,3.930513e+00
54,53,25,350,450,4.380654e+00
54,53,25,400,500,4.381258e+00
54,53,25,450,550,2.650653e+00
54,53,25,500,600,4.759289e+00
54,53,25,550,650,9.806126e+00
54,53,25,600,700,2.382127e+00
54,53,25,650,750,1.941549e+00
54,53,25,700,800,1.048411e+00
54,53,25,750,850,7.203176e-01
54,53,25,800,900,6.240714e-01
54,53,25,850,950,6.805608e-01
55,54,25,0,100,1.211307e+00
55,54,25,50,150,1.916457e+00
55,54,25,100,200,2.243831e+00
55,54,25,150,250,1.768543e+00
55,54,25,200,300,2.538903e+00
55,54,25,250,350,2.277891e+00
55,54,25,300,400,1.570801e+00
55,54,25,350,450,1.266992e+00
55,54,25,400,500,1.272716e+00
55,54,25,450,550,1.303704e+00
55,54,25,500,600,1.607361e+00
55,54,25,550,650,2.894424e+00
55,54,25,600,700,1.277797e+00
55,54,25,650,750,1.004027e+00
55,54,25,700,800,7.892730e-01
55,54,25,750,850,7.227818e-01
55,54,25,800,900,6.139897e-01
55,54,25,850,950,7.217283e-01
56,55,25,0,100,1.634152e+00
56,55,25,50,150,1.121885e+00
56,55,25,100,200,2.053856e+00
56,55,25,150,250,2.606524e+00
56,55,25,200,300,2.877906e+00
56,55,25,250,350,2.728209e+00
56,55,25,300,400,2.563548e+00
56,55,25,350,450,2.543959e+00
56,55,25,400,500,2.545947e+00
56,55,25,450,550,1.392367e+00
56,55,25,500,600,1.572910e+00
56,55,25,550,650,1.945473e+00
56,55,25,600,700,1.793921e+00
56,55,25,650,750,1.095722e+00
56,55,25,700,800,8.078082e-01
56,55,25,750,850,8.326045e-01
56,55,25,800,900,6.809721e-01
56,55,25,850,950,7.252262e-01
57,56,25,0,100,2.630540e+00
57,56,25,50,150,1.396874e+00
57,56,25,100,200,1.606188e+00
57,56,25,150,250,1.731892e+00
57,56,25,200,300,1.993309e+00
57,56,25,250,350,1.925976e+00
57,56,25,300,400,1.765925e+00
57,56,25,350,450,1.743455e+00
57,56,25,400,500,1.742102e+00
57,56,25,450,550,1.575724e+00
57,56,25,500,600,2.592870e+00
57,56,25,550,650,2.541045e+00
57,56,25,600,700,1.510632e+00
57,56,25,650,750,1.072735e+00
57,56,25,700,800,6.611286e-01
57,56,25,750,850,6.330074e-01
57,56,25,800,900,6.142937e-01
57,56,25,850,950,5.733572e-01
58,57,25,0,100,7.111599e+00
58,57,25,50,150,6.574027e+00
58,57,25,100,200,7.930606e+00
58,57,25,150,250,7.077217e+00
58,57,25,200,300,1.338355e+01
58,57,25,250,350,9.902719e+00
58,57,25,300,400,8.935181e+00
58,57,25,350,450,8.107509e+00
58,57,25,400,500,8.135381e+00
58,57,25,450,550,3.714010e+00
58,57,25,500,600,3.052006e+00
58,57,25,550,650,4.164137e+00
58,57,25,600,700,2.439194e+00
58,57,25,650,750,1.225709e+00
58,57,25,700,800,6.304253e-01
58,57,25,750,850,4.761012e-01
58,57,25,800,900,4.794539e-01
58,57,25,850,950,7.416197e-01
59,58,25,0,100,9.091671e+00
59,58,25,50,150,6.397267e+00
59,58,25,100,200,2.104827e+00
59,58,25,150,250,2.231028e+00
59,58,25,200,300,2.907441e+00
59,58,25,250,350,2.499862e+00
59,58,25,300,400,2.140953e+00
59,58,25,350,450,2.381986e+00
59,58,25,400,500,2.609729e+00
59,58,25,450,550,1.539330e+00
59,58,25,500,600,2.573443e+00
59,58,25,550,650,3.700059e+00
59,58,25,600,700,1.603550e+00
59,58,25,650,750,1.049042e+00
59,58,25,700,800,1.155086e+00
59,58,25,750,850,5.588347e-01
59,58,25,800,900,7.822538e-01
59,58,25,850,950,8.147104e-01
60,59,25,0,100,1.212647e+00
60,59,25,50,150,1.274706e+00
60,59,25,100,200,1.393425e+00
60,59,25,150,250,2.076970e+00
60,59,25,200,300,2.327356e+00
60,59,25,250,350,2.147514e+00
60,59,25,300,400,2.087555e+00
60,59,25,350,450,1.939956e+00
60,59,25,400,500,1.939421e+00
60,59,25,450,550,1.787853e+00
60,59,25,500,600,4.080188e+00
60,59,25,550,650,7.949771e+00
60,59,25,600,700,2.736066e+00
60,59,25,650,750,1.391976e+00
60,59,25,700,800,5.827755e-01
60,59,25,750,850,6.932156e-01
60,59,25,800,900,4.482479e-01
60,59,25,850,950,4.594328e-01
61,60,25,0,100,1.461497e+01
61,60,25,50,150,8.566314e+00
61,60,25,100,200,4.455573e+00
61,60,25,150,250,3.061145e+00
61,60,25,200,300,4.337581e+00
61,60,25,250,350,3.118357e+00
61,60,25,300,400,3.166237e+00
61,60,25,350,450,2.876105e+00
61,60,25,400,500,2.878536e+00
61,60,25,450,550,2.403791e+00
61,60,25,500,600,4.167241e+00
61,60,25,550,650,4.390339e+00
61,60,25,600,700,2.593846e+00
61,60,25,650,750,1.638171e+00
61,60,25,700,800,1.235929e+00
61,60,25,750,850,1.366023e+00
61,60,25,800,900,1.385076e+00
61,60,25,850,950,1.221517e+00
62,61,25,50,150,1.900687e+00
62,61,25,100,200,2.386310e+00
62,61,25,150,250,3.325881e+00
62,61,25,200,300,4.456111e+00
62,61,25,250,350,3.645749e+00
62,61,25,300,400,4.194867e+00
62,61,25,350,450,3.931100e+00
62,61,25,400,500,3.256291e+00
62,61,25,450,550,3.593850e+00
62,61,25,500,600,3.594137e+00
62,61,25,550,650,4.511040e+00
62,61,25,600,700,2.447305e+00
62,61,25,650,750,1.047038e+00
62,61,25,700,800,9.813666e-01
62,61,25,750,850,5.186043e-01
62,61,25,800,900,6.036828e-01
62,61,25,850,950,7.403141e-01
63,62,25,0,100,1.767437e+00
63,62,25,50,150,4.654402e+00
63,62,25,100,200,1.328334e+00
63,62,25,150,250,2.719439e+00
63,62,25,200,300,2.588481e+00
63,62,25,250,350,2.597688e+00
63,62,25,300,400,2.132397e+00
63,62,25,350,450,1.800030e+00
63,62,25,400,500,1.800879e+00
63,62,25,450,550,1.445213e+00
63,62,25,500,600,1.672508e+00
63,62,25,550,650,2.186275e+00
63,62,25,600,700,1.734871e+00
63,62,25,650,750,1.345293e+00
63,62,25,700,800,1.078043e+00
63,62,25,750,850,6.506960e-01
63,62,25,800,900,8.214501e-01
63,62,25,850,950,9.759651e-01
64,63,25,0,100,2.629428e+00
64,63,25,50,150,1.853295e+00
64,63,25,100,200,1.215240e+00
64,63,25,150,250,1.228887e+00
64,63,25,200,300,1.963411e+00
64,63,25,250,350,1.974698e+00
64,63,25,300,400,2.267087e+00
64,63,25,350,450,2.268067e+00
64,63,25,400,500,2.269632e+00
64,63,25,450,550,1.148950e+00
64,63,25,500,600,1.853820e+00
64,63,25,550,650,1.988614e+00
64,63,25,600,700,1.354115e+00
64,63,25,650,750,9.344123e-01
64,63,25,700,800,6.812994e-01
64,63,25,750,850,7.005442e-01
64,63,25,800,900,6.115594e-01
64,63,25,850,950,6.484970e-01
65,64,25,0,100,1.529770e+00
65,64,25,50,150,1.135413e+00
65,64,25,100,200,2.979128e+00
65,64,25,150,250,3.413189e+00
65,64,25,200,300,4.413549e+00
65,64,25,250,350,4.083502e+00
65,64,25,300,400,4.301892e+00
65,64,25,350,450,4.280686e+00
65,64,25,400,500,4.297504e+00
65,64,25,450,550,1.741376e+00
65,64,25,500,600,2.818413e+00
65,64,25,550,650,4.261926e+00
65,64,25,600,700,1.714262e+00
65,64,25,650,750,1.597051e+00
65,64,25,700,800,1.369821e+00
65,64,25,750,850,7.481773e-01
65,64,25,800,900,7.266463e-01
65,64,25,850,950,7.621528e-01
66,65,25,0,100,2.715512e+00
66,65,25,50,150,1.833659e+00
66,65,25,100,200,8.968628e-01
66,65,25,150,250,1.691982e+00
66,65,25,200,300,2.664988e+00
66,65,25,250,350,1.698922e+00
66,65,25,300,400,1.666741e+00
66,65,25,350,450,1.589838e+00
66,65,25,400,500,1.579483e+00
66,65,25,450,550,1.039664e+00
66,65,25,500,600,1.394222e+00
66,65,25,550,650,1.814459e+00
66,65,25,600,700,1.252609e+00
66,65,25,650,750,1.038289e+00
66,65,25,700,800,7.822078e-01
66,65,25,750,850,8.996073e-01
66,65,25,800,900,7.707795e-01
66,65,25,850,950,9.686636e-01
67,66,25,100,200,1.380687e+00
67,66,25,150,250,1.288145e+00
67,66,25,200,300,3.682629e+00
67,66,25,250,350,4.201160e+00
67,66,25,300,400,2.500797e+00
67,66,25,350,450,1.839532e+00
67,66,25,400,500,1.821132e+00
67,66,25,450,550,1.565733e+00
67,66,25,500,600,1.621426e+00
67,66,25,550,650,3.051895e+00
67,66,25,600,700,1.547709e+00
67,66,25,650,750,1.144787e+00
67,66,25,700,800,1.363846e+00
67,66,25,750,850,9.490297e-01
67,66,25,800,900,1.435983e+00
67,66,25,850,950,1.771389e+00
68,67,25,0,100,2.651253e+00
68,67,25,50,150,1.875413e+00
68,67,25,100,200,2.414289e+00
68,67,25,150,250,5.538483e+00
68,67,25,200,300,5.689495e+00
68,67,25,250,350,3.130550e+00
68,67,25,300,400,2.405125e+00
68,67,25,350,450,3.844343e+00
68,67,25,400,500,3.849053e+00
68,67,25,450,550,1.725288e+00
68,67,25,500,600,1.814019e+00
68,67,25,550,650,2.980773e+00
68,67,25,600,700,1.789217e+00
68,67,25,650,750,9.225000e-01
68,67,25,700,800,6.248828e-01
68,67,25,750,850,5.441804e-01
68,67,25,800,900,5.771846e-01
68,67,25,850,950,5.148084e-01
69,68,25,0,100,1.031395e+01
69,68,25,50,150,2.612886e+00
69,68,25,100,200,1.284717e+00
69,68,25,150,250,2.022679e+00
69,68,25,200,300,3.176688e+00
69,68,25,250,350,2.766933e+00
69,68,25,300,400,2.609827e+00
69,68,25,350,450,2.730685e+00
69,68,25,400,500,2.732328e+00
69,68,25,450,550,2.012472e+00
69,68,25,500,600,2.378916e+00
69,68,25,550,650,3.046206e+00
69,68,25,600,700,1.880398e+00
69,68,25,650,750,1.537184e+00
69,68,25,700,800,1.907816e+00
69,68,25,750,850,1.417556e+00
69,68,25,800,900,1.115382e+00
69,68,25,850,950,1.661767e+00
70,69,25,0,100,2.936800e+00
70,69,25,50,150,1.420400e+00
70,69,25,100,200,9.439930e-01
70,69,25,150,250,1.614020e+00
70,69,25,200,300,4.053596e+00
70,69,25,250,350,2.507689e+00
70,69,25,300,400,1.541824e+00
70,69,25,350,450,1.672534e+00
70,69,25,400,500,1.672013e+00
70,69,25,450,550,1.199150e+00
70,69,25,500,600,1.986092e+00
70,69,25,550,650,2.210796e+00
70,69,25,600,700,1.424127e+00
70,69,25,650,750,1.037153e+00
70,69,25,700,800,7.360144e-01
70,69,25,750,850,6.949383e-01
70,69,25,800,900,7.371220e-01
70,69,25,850,950,1.255370e+00
71,70,25,50,150,2.019311e+00
71,70,25,100,200,1.897458e+00
71,70,25,150,250,1.469727e+00
71,70,25,200,300,2.365957e+00
71,70,25,250,350,2.047786e+00
71,70,25,300,400,2.506739e+00
71,70,25,350,450,2.276235e+00
71,70,25,400,500,2.285866e+00
71,70,25,450,550,2.611508e+00
71,70,25,500,600,2.826356e+00
71,70,25,550,650,3.426187e+00
71,70,25,600,700,2.822656e+00
71,70,25,650,750,2.034351e+00
71,70,25,700,800,1.040439e+00
71,70,25,750,850,7.813877e-01
71,70,25,800,900,6.728099e-01
71,70,25,850,950,8.261079e-01
72,71,25,0,100,2.815649e+00
72,71,25,50,150,2.446187e+00
72,71,25,100,200,2.246828e+00
72,71,25,150,250,2.510989e+00
72,71,25,200,300,2.838536e+00
72,71,25,250,350,2.725979e+00
72,71,25,300,400,2.719465e+00
72,71,25,350,450,2.276909e+00
72,71,25,400,500,2.278501e+00
72,71,25,450,550,1.587884e+00
72,71,25,500,600,2.095249e+00
72,71,25,550,650,2.580707e+00
72,71,25,600,700,1.708553e+00
72,71,25,650,750,1.470401e+00
72,71,25,700,800,1.115990e+00
72,71,25,750,850,4.700236e-01
72,71,25,800,900,4.768085e-01
72,71,25,850,950,5.065299e-01
73,72,25,0,100,3.904133e+00
73,72,25,50,150,2.464333e+00
73,72,25,100,200,8.247310e-01
73,72,25,150,250,1.374236e+00
73,72,25,200,300,1.507387e+00
73,72,25,250,350,1.976230e+00
73,72,25,300,400,1.409722e+00
73,72,25,350,450,1.320894e+00
73,72,25,400,500,1.327803e+00
73,72,25,450,550,1.426147e+00
73,72,25,500,600,2.256513e+00
73,72,25,550,650,3.176830e+00
73,72,25,600,700,2.109725e+00
73,72,25,650,750,1.013254e+00
73,72,25,700,800,7.889481e-01
73,72,25,750,850,7.991723e-01
73,72,25,800,900,8.251877e-01
73,72,25,850,950,7.408983e-01
74,73,25,0,100,2.935465e+00
74,73,25,50,150,2.662125e+00
74,73,25,100,200,3.622256e+00
74,73,25,150,250,5.280196e+00
74,73,25,200,300,5.504453e+00
74,73,25,250,350,5.450103e+00
74,73,25,300,400,5.955416e+00
74,73,25,350,450,3.840903e+00
74,73,25,400,500,3.857280e+00
74,73,25,450,550,3.090979e+00
74,73,25,500,600,4.117617e+00
74,73,25,550,650,5.246430e+00
74,73,25,600,700,3.695532e+00
74,73,25,650,750,1.902249e+00
74,73,25,700,800,1.682542e+00
74,73,25,750,850,8.753371e-01
74,73,25,800,900,6.340694e-01
74,73,25,850,950,6.596743e-01
75,74,25,0,100,2.777471e+00
75,74,25,50,150,1.836390e+00
75,74,25,100,200,2.053733e+00
75,74,25,150,250,2.159165e+00
75,74,25,200,300,3.074541e+00
75,74,25,250,350,2.289970e+00
75,74,25,300,400,2.503444e+00
75,74,25,350,450,2.402863e+00
75,74,25,400,500,2.406218e+00
75,74,25,450,550,1.654714e+00
75,74,25,500,600,2.930711e+00
75,74,25,550,650,3.077928e+00
75,74,25,600,700,2.063994e+00
75,74,25,650,750,2.281125e+00
75,74,25,700,800,1.104836e+00
75,74,25,750,850,8.508556e-01
75,74,25,800,900,1.251696e+00
75,74,25,850,950,1.645439e+00
76,75,25,500,600,4.589027e+00
76,75,25,550,650,3.720856e+00
76,75,25,600,700,1.576741e+00
76,75,25,650,750,9.170367e-01
76,75,25,700,800,6.550581e-01
76,75,25,750,850,5.748741e-01
76,75,25,800,900,6.246441e-01
76,75,25,850,950,7.168681e-01
77,76,25,550,650,2.107831e+00
77,76,25,600,700,1.752367e+00
77,76,25,650,750,1.036110e+00
77,76,25,700,800,6.943680e-01
77,76,25,750,850,6.157052e-01
77,76,25,800,900,4.757296e-01
77,76,25,850,950,4.785657e-01
78,77,25,550,650,2.950027e+00
78,77,25,600,700,2.071051e+00
78,77,25,650,750,1.357266e+00
78,77,25,700,800,1.106850e+00
78,77,25,750,850,8.620515e-01
78,77,25,800,900,8.970803e-01
78,77,25,850,950,8.441491e-01
79,78,25,0,100,4.629921e+00
79,78,25,50,150,3.325510e+00
79,78,25,100,200,4.023412e+00
79,78,25,150,250,4.592699e+00
79,78,25,200,300,7.014100e+00
79,78,25,250,350,9.290147e+00
79,78,25,300,400,5.734432e+00
79,78,25,350,450,5.814563e+00
79,78,25,400,500,4.825305e+00
79,78,25,450,550,3.872042e+00
79,78,25,500,600,3.958354e+00
79,78,25,550,650,5.099301e+00
79,78,25,600,700,3.759209e+00
79,78,25,650,750,2.024110e+00
79,78,25,700,800,8.901999e-01
79,78,25,750,850,6.596997e-01
79,78,25,800,900,6.804097e-01
79,78,25,850,950,8.177959e-01
80,79,25,0,100,1.275471e+00
80,79,25,50,150,5.531047e+00
80,79,25,100,200,5.092034e+00
80,79,25,150,250,4.467720e+00
80,79,25,200,300,4.180679e+00
80,79,25,250,350,3.052238e+00
80,79,25,300,400,3.572469e+00
80,79,25,350,450,2.775718e+00
80,79,25,400,500,2.796964e+00
80,79,25,450,550,2.093845e+00
80,79,25,500,600,3.184951e+00
80,79,25,550,650,2.176260e+00
80,79,25,600,700,2.124010e+00
80,79,25,650,750,1.444913e+00
80,79,25,700,800,1.767096e+00
80,79,25,750,850,1.809659e+00
80,79,25,800,900,1.386538e+00
80,79,25,850,950,1.255823e+00
81,80,25,0,100,3.055959e+00
81,80,25,50,150,2.986783e+00
81,80,25,100,200,1.695384e+00
81,80,25,150,250,1.672210e+00
81,80,25,200,300,2.103561e+00
81,80,25,250,350,1.909340e+00
81,80,25,300,400,1.712409e+00
81,80,25,350,450,1.957313e+00
81,80,25,400,500,1.942363e+00
81,80,25,450,550,1.675367e+00
81,80,25,500,600,1.621079e+00
81,80,25,550,650,2.327730e+00
81,80,25,600,700,1.585004e+00
81,80,25,650,750,1.056749e+00
81,80,25,700,800,5.759622e-01
81,80,25,750,850,4.776634e-01
81,80,25,800,900,4.744556e-01
81,80,25,850,950,5.160721e-01
82,81,25,0,100,2.649737e+00
82,81,25,50,150,1.694394e+00
82,81,25,100,200,1.317231e+00
82,81,25,150,250,1.673539e+00
82,81,25,200,300,2.202481e+00
82,81,25,250,350,1.259227e+00
82,81,25,300,400,1.321781e+00
82,81,25,350,450,1.251864e+00
82,81,25,400,500,1.250868e+00
82,81,25,450,550,1.251846e+00
82,81,25,500,600,1.552651e+00
82,81,25,550,650,1.559141e+00
82,81,25,600,700,1.343528e+00
82,81,25,650,750,8.630499e-01
82,81,25,700,800,6.138927e-01
82,81,25,750,850,5.079276e-01
82,81,25,800,900,5.517095e-01
82,81,25,850,950,1.221904e+00
83,82,25,0,100,9.628262e+00
83,82,25,50,150,3.102918e+00
83,82,25,100,200,2.934418e+00
83,82,25,150,250,2.575859e+00
83,82,25,200,300,3.716674e+00
83,82,25,250,350,2.441618e+00
83,82,25,300,400,2.630754e+00
83,82,25,350,450,2.687128e+00
83,82,25,400,500,2.683557e+00
83,82,25,450,550,1.911381e+00
83,82,25,500,600,2.084494e+00
83,82,25,550,650,2.500920e+00
83,82,25,600,700,1.856193e+00
83,82,25,650,750,1.698398e+00
83,82,25,700,800,1.043895e+00
83,82,25,750,850,8.960433e-01
83,82,25,800,900,6.944478e-01
83,82,25,850,950,8.583744e-01
84,83,25,0,100,1.034615e+00
84,83,25,50,150,1.077974e+00
84,83,25,100,200,8.561567e-01
84,83,25,150,250,1.271283e+00
84,83,25,200,300,1.931023e+00
84,83,25,250,350,1.889841e+00
84,83,25,300,400,2.026877e+00
84,83,25,350,450,2.075548e+00
84,83,25,400,500,2.084041e+00
84,83,25,450,550,2.142866e+00
84,83,25,500,600,2.083946e+00
84,83,25,550,650,2.660033e+00
84,83,25,600,700,1.274171e+00
84,83,25,650,750,1.010318e+00
84,83,25,700,800,1.567869e+00
84,83,25,750,850,1.501263e+00
84,83,25,800,900,1.909146e+00
84,83,25,850,950,1.815926e+00
85,84,25,0,100,4.894502e+00
85,84,25,50,150,2.270717e+00
85,84,25,100,200,1.249530e+00
85,84,25,150,250,2.134595e+00
85,84,25,200,300,2.752755e+00
85,84,25,250,350,3.577482e+00
85,84,25,300,400,2.856254e+00
85,84,25,350,450,2.639025e+00
85,84,25,400,500,2.642000e+00
85,84,25,450,550,1.586046e+00
85,84,25,500,600,2.297746e+00
85,84,25,550,650,2.127833e+00
85,84,25,600,700,1.728487e+00
85,84,25,650,750,1.018710e+00
85,84,25,700,800,7.087083e-01
85,84,25,750,850,4.843140e-01
85,84,25,800,900,4.297569e-01
85,84,25,850,950,5.691401e-01
86,85,25,0,100,9.231350e-01
86,85,25,50,150,9.142205e-01
86,85,25,100,200,1.031284e+00
86,85,25,150,250,2.586683e+00
86,85,25,200,300,1.591367e+00
86,85,25,250,350,1.789328e+00
86,85,25,300,400,1.586256e+00
86,85,25,350,450,1.704001e+00
86,85,25,400,500,1.704382e+00
86,85,25,450,550,8.612875e-01
86,85,25,500,600,1.601568e+00
86,85,25,550,650,1.614843e+00
86,85,25,600,700,1.152050e+00
86,85,25,650,750,7.477694e-01
86,85,25,700,800,5.940543e-01
86,85,25,750,850,6.252015e-01
86,85,25,800,900,5.358959e-01
86,85,25,850,950,5.517388e-01
87,86,25,0,100,3.387029e+00
87,86,25,50,150,2.199475e+00
87,86,25,100,200,1.336817e+00
87,86,25,150,250,1.877037e+00
87,86,25,200,300,3.696872e+00
87,86,25,250,350,3.042344e+00
87,86,25,300,400,2.502949e+00
87,86,25,350,450,2.347057e+00
87,86,25,400,500,2.334503e+00
87,86,25,450,550,1.655612e+00
87,86,25,500,600,2.762024e+00
87,86,25,550,650,4.045357e+00
87,86,25,600,700,1.896163e+00
87,86,25,650,750,1.386282e+00
87,86,25,700,800,8.936993e-01
87,86,25,750,850,9.272302e-01
87,86,25,800,900,8.100331e-01
87,86,25,850,950,9.069466e-01
88,87,25,0,100,1.839000e+00
88,87,25,50,150,1.532046e+00
88,87,25,100,200,1.420329e+00
88,87,25,150,250,2.544716e+00
88,87,25,200,300,2.304699e+00
88,87,25,250,350,2.455084e+00
88,87,25,300,400,1.879059e+00
88,87,25,350,450,1.993523e+00
88,87,25,400,500,1.814557e+00
88,87,25,450,550,1.558125e+00
88,87,25,500,600,1.805047e+00
88,87,25,550,650,1.698104e+00
88,87,25,600,700,1.411186e+00
88,87,25,650,750,1.113763e+00
88,87,25,700,800,9.938923e-01
88,87,25,750,850,1.100000e+00
88,87,25,800,900,5.076621e-01
88,87,25,850,950,9.009346e-01
89,88,25,0,100,1.260249e+00
89,88,25,50,150,1.239554e+00
89,88,25,100,200,1.372801e+00
89,88,25,150,250,1.825893e+00
89,88,25,200,300,3.682654e+00
89,88,25,250,350,3.013497e+00
89,88,25,300,400,3.538430e+00
89,88,25,350,450,3.088728e+00
89,88,25,400,500,3.094669e+00
89,88,25,450,550,1.827941e+00
89,88,25,500,600,2.988906e+00
89,88,25,550,650,4.328129e+00
89,88,25,600,700,1.910379e+00
89,88,25,650,750,1.889299e+00
89,88,25,700,800,1.129941e+00
89,88,25,750,850,1.007293e+00
89,88,25,800,900,9.445062e-01
89,88,25,850,950,9.347379e-01
90,89,25,600,700,1.777756e+00
90,89,25,650,750,1.213864e+00
90,89,25,700,800,9.935684e-01
90,89,25,750,850,6.038578e-01
90,89,25,800,900,5.347361e-01
90,89,25,850,950,5.318578e-01
91,90,25,0,100,2.542714e+00
91,90,25,50,150,1.541591e+00
91,90,25,100,200,1.156064e+00
91,90,25,150,250,2.675760e+00
91,90,25,200,300,3.689901e+00
91,90,25,250,350,4.774427e+00
91,90,25,300,400,2.960782e+00
91,90,25,350,450,2.869575e+00
91,90,25,400,500,2.860854e+00
91,90,25,450,550,2.557893e+00
91,90,25,500,600,4.717483e+00
91,90,25,550,650,5.365442e+00
91,90,25,600,700,2.430280e+00
91,90,25,650,750,1.811060e+00
91,90,25,700,800,1.705677e+00
91,90,25,750,850,1.510364e+00
91,90,25,800,900,1.373221e+00
91,90,25,850,950,1.230694e+00
92,91,25,50,150,1.538812e+00
92,91,25,100,200,1.479083e+00
92,91,25,150,250,2.570399e+00
92,91,25,200,300,3.135796e+00
92,91,25,250,350,2.495867e+00
92,91,25,300,400,2.866189e+00
92,91,25,350,450,2.843165e+00
92,91,25,400,500,2.844227e+00
92,91,25,450,550,3.597738e+00
92,91,25,500,600,8.419490e+00
92,91,25,550,650,1.830805e+01
92,91,25,600,700,5.525912e+00
92,91,25,650,750,1.895368e+00
92,91,25,700,800,1.099861e+00
92,91,25,750,850,5.882632e-01
92,91,25,800,900,5.739960e-01
92,91,25,850,950,5.905306e-01
93,92,25,0,100,4.071726e+00
93,92,25,50,150,2.277604e+00
93,92,25,100,200,1.777064e+00
93,92,25,150,250,3.603993e+00
93,92,25,200,300,3.904608e+00
93,92,25,250,350,3.646578e+00
93,92,25,300,400,3.811305e+00
93,92,25,350,450,2.935886e+00
93,92,25,400,500,2.921417e+00
93,92,25,450,550,3.191855e+00
93,92,25,500,600,2.880798e+00
93,92,25,550,650,2.319187e+00
93,92,25,600,700,2.236507e+00
93,92,25,650,750,1.579338e+00
93,92,25,700,800,1.207230e+00
93,92,25,750,850,9.648451e-01
93,92,25,800,900,6.524489e-01
93,92,25,850,950,7.690597e-01
94,93,25,0,100,1.028048e+01
94,93,25,50,150,4.186283e+00
94,93,25,100,200,3.495551e+00
94,93,25,150,250,5.671234e+00
94,93,25,200,300,5.430930e+00
94,93,25,250,350,3.955939e+00
94,93,25,300,400,2.712979e+00
94,93,25,350,450,2.453114e+00
94,93,25,400,500,2.554073e+00
94,93,25,450,550,2.004489e+00
94,93,25,500,600,1.856237e+00
94,93,25,550,650,2.798465e+00
94,93,25,600,700,1.942171e+00
94,93,25,650,750,1.658932e+00
94,93,25,700,800,1.045969e+00
94,93,25,750,850,1.013595e+00
94,93,25,800,900,1.069995e+00
94,93,25,850,950,8.926915e-01
95,94,25,100,200,1.315415e+00
95,94,25,150,250,1.532228e+00
95,94,25,200,300,3.633165e+00
95,94,25,250,350,3.230038e+00
95,94,25,300,400,2.742758e+00
95,94,25,350,450,1.522873e+00
95,94,25,400,500,1.537783e+00
95,94,25,450,550,2.824905e+00
95,94,25,500,600,2.453515e+00
95,94,25,550,650,2.703594e+00
95,94,25,600,700,2.597338e+00
95,94,25,650,750,1.884193e+00
95,94,25,700,800,8.791297e+00
95,94,25,750,850,1.213167e+01
95,94,25,800,900,7.010270e+00
95,94,25,850,950,5.121468e+00
96,95,25,0,100,1.544317e+00
96,95,25,50,150,1.226192e+00
96,95,25,100,200,8.532904e-01
96,95,25,150,250,2.972866e+00
96,95,25,200,300,3.168223e+00
96,95,25,250,350,3.501036e+00
96,95,25,300,400,3.878919e+00
96,95,25,350,450,3.557926e+00
96,95,25,400,500,3.772581e+00
96,95,25,450,550,3.422131e+00
96,95,25,500,600,5.133183e+00
96,95,25,550,650,8.195686e+00
96,95,25,600,700,2.886129e+00
96,95,25,650,750,1.410666e+00
96,95,25,700,800,9.626613e-01
96,95,25,750,850,7.816806e-01
96,95,25,800,900,1.515112e+00
96,95,25,850,950,1.251623e+00
97,96,25,600,700,1.738898e+00
97,96,25,650,750,1.108902e+00
97,96,25,700,800,9.259281e-01
97,96,25,750,850,7.626092e-01
97,96,25,800,900,8.840170e-01
97,96,25,850,950,7.477968e-01
98,97,25,0,100,5.628440e+01
98,97,25,50,150,1.470212e+01
98,97,25,100,200,8.612510e+00
98,97,25,150,250,3.815003e+00
98,97,25,200,300,3.928777e+00
98,97,25,250,350,2.551849e+00
98,97,25,300,400,3.117359e+00
98,97,25,350,450,3.174630e+00
98,97,25,400,500,3.180463e+00
98,97,25,450,550,2.297234e+00
98,97,25,500,600,3.058862e+00
98,97,25,550,650,6.377340e+00
98,97,25,600,700,3.383590e+00
98,97,25,650,750,1.311903e+00
98,97,25,700,800,1.218036e+00
98,97,25,750,850,1.051636e+00
98,97,25,800,900,9.056470e-01
98,97,25,850,950,1.630198e+00
99,98,25,0,100,6.864349e+00
99,98,25,50,150,1.079760e+01
99,98,25,100,200,3.229500e+00
99,98,25,150,250,2.429150e+00
99,98,25,200,300,3.606336e+00
99,98,25,250,350,3.115999e+00
99,98,25,300,400,2.483888e+00
99,98,25,350,450,2.101983e+00
99,98,25,400,500,2.096577e+00
99,98,25,450,550,1.957863e+00
99,98,25,500,600,2.144011e+00
99,98,25,550,650,1.977902e+00
99,98,25,600,700,1.516778e+00
99,98,25,650,750,1.276455e+00
99,98,25,700,800,9.926457e-01
99,98,25,750,850,7.781563e-01
99,98,25,800,900,7.608596e-01
99,98,25,850,950,7.555469e-01
100,99,25,100,200,3.699881e+00
100,99,25,150,250,4.421755e+00
100,99,25,200,300,9.111950e+00
100,99,25,250,350,7.237515e+00
100,99,25,300,400,6.907783e+00
100,99,25,350,450,5.813663e+00
100,99,25,400,500,5.826368e+00
100,99,25,450,550,3.547645e+00
100,99,25,500,600,2.991229e+00
100,99,25,550,650,5.948850e+00
100,99,25,600,700,1.625768e+00
100,99,25,650,750,1.285533e+00
100,99,25,700,800,1.642896e+00
100,99,25,750,850,1.096416e+00
100,99,25,800,900,7.069811e-01
100,99,25,850,950,8.058809e-01
n,b,sample_size,start,stop,treedist
101,100,25,0,100,2.814566e+01
101,100,25,50,150,4.721714e+00
101,100,25,100,200,1.503374e+00
101,100,25,150,250,1.732821e+00
101,100,25,200,300,1.989179e+00
101,100,25,250,350,1.704132e+00
101,100,25,300,400,1.957587e+00
101,100,25,350,450,1.742464e+00
101,100,25,400,500,1.762485e+00
101,100,25,450,550,1.214997e+00
101,100,25,500,600,1.720195e+00
101,100,25,550,650,2.003378e+00
101,100,25,600,700,1.339509e+00
101,100,25,650,750,1.214990e+00
101,100,25,700,800,8.219581e-01
101,100,25,750,850,6.054257e-01
101,100,25,800,900,6.138770e-01
101,100,25,850,950,7.378964e-01
102,101,25,0,100,2.980223e+00
102,101,25,50,150,2.060358e+00
102,101,25,100,200,1.173956e+00
102,101,25,150,250,1.489484e+00
102,101,25,200,300,2.564384e+00
102,101,25,250,350,1.870044e+00
102,101,25,300,400,1.986255e+00
102,101,25,350,450,2.020319e+00
102,101,25,400,500,2.015837e+00
102,101,25,450,550,1.866878e+00
102,101,25,500,600,2.260623e+00
102,101,25,550,650,2.977505e+00
102,101,25,600,700,1.830686e+00
102,101,25,650,750,1.249610e+00
102,101,25,700,800,8.195397e-01
102,101,25,750,850,8.636681e-01
102,101,25,800,900,8.079483e-01
102,101,25,850,950,1.269389e+00
103,102,25,0,100,3.621861e+00
103,102,25,50,150,2.882929e+00
103,102,25,100,200,2.208076e+00
103,102,25,150,250,6.392551e+00
103,102,25,200,300,6.360732e+00
103,102,25,250,350,4.438594e+00
103,102,25,300,400,4.149883e+00
103,102,25,350,450,5.894867e+00
103,102,25,400,500,5.913819e+00
103,102,25,450,550,2.225036e+00
103,102,25,500,600,3.195441e+00
103,102,25,550,650,5.085979e+00
103,102,25,600,700,2.395280e+00
103,102,25,650,750,1.788451e+00
103,102,25,700,800,1.580583e+00
103,102,25,750,850,1.098045e+00
103,102,25,800,900,7.309779e-01
103,102,25,850,950,8.878403e-01
104,103,25,0,100,4.403527e+00
104,103,25,50,150,2.194819e+00
104,103,25,100,200,1.622113e+00
104,103,25,150,250,1.902954e+00
104,103,25,200,300,1.999140e+00
104,103,25,250,350,1.556251e+00
104,103,25,300,400,1.540089e+00
104,103,25,350,450,1.499760e+00
104,103,25,400,500,1.499232e+00
104,103,25,450,550,1.358594e+00
104,103,25,500,600,1.688607e+00
104,103,25,550,650,4.512522e+00
104,103,25,600,700,1.551656e+00
104,103,25,650,750,1.030074e+00
104,103,25,700,800,1.118306e+00
104,103,25,750,850,8.500780e-01
104,103,25,800,900,6.495620e-01
104,103,25,850,950,6.713498e-01
105,104,25,0,100,3.098390e+00
105,104,25,50,150,2.578905e+00
105,104,25,100,200,2.888126e+00
105,104,25,150,250,3.099619e+00
105,104,25,200,300,3.329786e+00
105,104,25,250,350,3.206542e+00
105,104,25,300,400,2.818593e+00
105,104,25,350,450,3.329947e+00
105,104,25,400,500,3.169343e+00
105,104,25,450,550,1.699259e+00
105,104,25,500,600,2.163279e+00
105,104,25,550,650,2.748480e+00
105,104,25,600,700,1.531456e+00
105,104,25,650,750,1.264330e+00
105,104,25,700,800,8.688759e-01
105,104,25,750,850,5.847668e-01
105,104,25,800,900,5.499173e-01
105,104,25,850,950,5.613667e-01
106,105,25,0,100,1.114418e+01
106,105,25,50,150,5.222725e+00
106,105,25,100,200,1.261916e+00
106,105,25,150,250,4.151394e+00
106,105,25,200,300,4.003721e+00
106,105,25,250,350,3.640364e+00
106,105,25,300,400,3.689539e+00
106,105,25,350,450,4.704979e+00
106,105,25,400,500,4.713211e+00
106,105,25,450,550,3.280133e+00
106,105,25,500,600,4.525892e+00
106,105,25,550,650,3.976880e+00
106,105,25,600,700,4.464798e+00
106,105,25,650,750,2.196908e+00
106,105,25,700,800,3.473882e+00
106,105,25,750,850,4.456722e+00
106,105,25,800,900,4.628913e+00
106,105,25,850,950,3.423129e+00
107,106,25,0,100,1.591604e+00
107,106,25,50,150,2.134908e+00
107,106,25,100,200,1.811894e+00
107,106,25,150,250,2.181396e+00
107,106,25,200,300,3.500653e+00
107,106,25,250,350,2.470534e+00
107,106,25,300,400,3.996003e+00
107,106,25,350,450,4.075562e+00
107,106,25,400,500,4.072854e+00
107,106,25,450,550,2.319020e+00
107,106,25,500,600,2.391475e+00
107,106,25,550,650,2.807146e+00
107,106,25,600,700,1.846205e+00
107,106,25,650,750,1.563469e+00
107,106,25,700,800,9.408460e-01
107,106,25,750,850,7.190159e-01
107,106,25,800,900,5.118485e-01
107,106,25,850,950,8.699984e-01
108,107,25,0,100,1.352322e+01
108,107,25,50,150,6.419623e+00
108,107,25,100,200,2.780781e+00
108,107,25,150,250,3.112379e+00
108,107,25,200,300,3.890241e+00
108,107,25,250,350,3.886372e+00
108,107,25,300,400,4.081995e+00
108,107,25,350,450,2.894613e+00
108,107,25,400,500,2.896599e+00
108,107,25,450,550,1.360268e+00
108,107,25,500,600,2.349395e+00
108,107,25,550,650,2.648238e+00
108,107,25,600,700,1.400897e+00
108,107,25,650,750,1.297041e+00
108,107,25,700,800,9.445064e-01
108,107,25,750,850,9.345142e-01
108,107,25,800,900,9.896470e-01
108,107,25,850,950,1.631917e+00
109,108,25,0,100,2.593371e+00
109,108,25,50,150,2.129491e+00
109,108,25,100,200,1.095687e+00
109,108,25,150,250,1.901794e+00
109,108,25,200,300,2.000320e+00
109,108,25,250,350,2.279806e+00
109,108,25,300,400,2.726372e+00
109,108,25,350,450,2.731477e+00
109,108,25,400,500,2.733389e+00
109,108,25,450,550,1.861488e+00
109,108,25,500,600,3.261783e+00
109,108,25,550,650,2.155326e+00
109,108,25,600,700,1.565862e+00
109,108,25,650,750,1.276422e+00
109,108,25,700,800,8.667341e-01
109,108,25,750,850,6.647908e-01
109,108,25,800,900,6.950454e-01
109,108,25,850,950,7.611715e-01
110,109,25,0,100,3.945130e+00
110,109,25,50,150,1.950822e+00
110,109,25,100,200,1.819141e+00
110,109,25,150,250,2.327005e+00
110,109,25,200,300,2.418291e+00
110,109,25,250,350,2.001870e+00
110,109,25,300,400,2.083338e+00
110,109,25,350,450,2.113789e+00
110,109,25,400,500,2.113425e+00
110,109,25,450,550,1.736646e+00
110,109,25,500,600,2.501603e+00
110,109,25,550,650,3.772315e+00
110,109,25,600,700,1.641960e+00
110,109,25,650,750,1.288625e+00
110,109,25,700,800,8.166589e-01
110,109,25,750,850,6.711923e-01
110,109,25,800,900,5.889330e-01
110,109,25,850,950,8.174264e-01
111,110,25,0,100,1.836401e+00
111,110,25,50,150,1.868421e+00
111,110,25,100,200,1.474586e+00
111,110,25,150,250,2.470794e+00
111,110,25,200,300,3.220853e+00
111,110,25,250,350,1.962851e+00
111,110,25,300,400,2.766522e+00
111,110,25,350,450,2.908336e+00
111,110,25,400,500,2.890939e+00
111,110,25,450,550,1.870325e+00
111,110,25,500,600,1.291108e+00
111,110,25,550,650,1.792312e+00
111,110,25,600,700,3.206817e+00
111,110,25,650,750,1.465862e+00
111,110,25,700,800,8.864798e-01
111,110,25,750,850,6.358232e-01
111,110,25,800,900,7.572586e-01
111,110,25,850,950,9.993173e-01
112,111,25,0,100,2.884543e+01
112,111,25,50,150,3.542669e+00
112,111,25,100,200,7.367592e-01
112,111,25,150,250,1.300304e+00
112,111,25,200,300,2.090111e+00
112,111,25,250,350,2.330411e+00
112,111,25,300,400,1.837977e+00
112,111,25,350,450,1.724485e+00
112,111,25,400,500,1.737726e+00
112,111,25,450,550,1.464691e+00
112,111,25,500,600,1.796713e+00
112,111,25,550,650,2.032111e+00
112,111,25,600,700,1.768543e+00
112,111,25,650,750,1.279812e+00
112,111,25,700,800,1.187090e+00
112,111,25,750,850,9.642525e-01
112,111,25,800,900,1.093810e+00
112,111,25,850,950,1.509854e+00
113,112,25,450,550,1.090452e+00
113,112,25,500,600,1.655298e+00
113,112,25,550,650,1.512922e+00
113,112,25,600,700,1.167025e+00
113,112,25,650,750,1.413442e+00
113,112,25,700,800,1.208716e+00
113,112,25,750,850,9.595060e-01
113,112,25,800,900,7.201112e-01
113,112,25,850,950,6.944556e-01
114,113,25,0,100,3.607068e+00
114,113,25,50,150,3.088340e+00
114,113,25,100,200,1.676405e+00
114,113,25,150,250,1.786812e+00
114,113,25,200,300,3.237536e+00
114,113,25,250,350,1.799561e+00
114,113,25,300,400,1.813572e+00
114,113,25,350,450,2.425633e+00
114,113,25,400,500,2.411510e+00
114,113,25,450,550,1.907857e+00
114,113,25,500,600,1.681756e+00
114,113,25,550,650,1.877808e+00
114,113,25,600,700,1.714488e+00
114,113,25,650,750,1.328066e+00
114,113,25,700,800,1.020296e+00
114,113,25,750,850,7.546484e-01
114,113,25,800,900,6.246395e-01
114,113,25,850,950,8.166882e-01
115,114,25,100,200,3.143078e+00
115,114,25,150,250,3.252124e+00
115,114,25,200,300,5.638853e+00
115,114,25,250,350,3.776941e+00
115,114,25,300,400,4.251683e+00
115,114,25,350,450,4.062103e+00
115,114,25,400,500,4.076341e+00
115,114,25,450,550,2.600073e+00
115,114,25,500,600,2.904816e+00
115,114,25,550,650,2.316139e+00
115,114,25,600,700,2.243866e+00
115,114,25,650,750,1.431976e+00
115,114,25,700,800,1.123589e+00
115,114,25,750,850,7.546790e-01
115,114,25,800,900,7.185580e-01
115,114,25,850,950,7.333752e-01
116,115,25,0,100,5.874873e+00
116,115,25,50,150,2.858006e+00
116,115,25,100,200,1.204482e+00
116,115,25,150,250,1.272955e+00
116,115,25,200,300,1.959551e+00
116,115,25,250,350,1.838735e+00
116,115,25,300,400,1.736929e+00
116,115,25,350,450,1.611577e+00
116,115,25,400,500,1.611011e+00
116,115,25,450,550,1.529064e+00
116,115,25,500,600,1.865784e+00
116,115,25,550,650,2.482540e+00
116,115,25,600,700,1.903567e+00
116,115,25,650,750,1.355142e+00
116,115,25,700,800,8.120593e-01
116,115,25,750,850,6.578977e-01
116,115,25,800,900,7.059213e-01
116,115,25,850,950,1.300146e+00
117,116,25,0,100,9.092759e-01
117,116,25,50,150,1.720844e+00
117,116,25,100,200,1.449831e+00
117,116,25,150,250,1.200022e+00
117,116,25,200,300,1.762301e+00
117,116,25,250,350,2.523305e+00
117,116,25,300,400,2.440141e+00
117,116,25,350,450,2.175033e+00
117,116,25,400,500,2.172371e+00
117,116,25,450,550,1.641812e+00
117,116,25,500,600,2.421137e+00
117,116,25,550,650,2.309238e+00
117,116,25,600,700,1.614147e+00
117,116,25,650,750,9.287347e-01
117,116,25,700,800,7.529393e-01
117,116,25,750,850,6.872889e-01
117,116,25,800,900,7.081915e-01
117,116,25,850,950,8.073210e-01
118,117,25,0,100,6.889130e+00
118,117,25,50,150,4.412003e+00
118,117,25,100,200,3.103951e+00
118,117,25,150,250,1.820904e+00
118,117,25,200,300,3.082450e+00
118,117,25,250,350,2.412163e+00
118,117,25,300,400,1.972266e+00
118,117,25,350,450,1.980385e+00
118,117,25,400,500,1.981338e+00
118,117,25,450,550,1.643199e+00
118,117,25,500,600,2.175019e+00
118,117,25,550,650,2.455324e+00
118,117,25,600,700,1.536432e+00
118,117,25,650,750,1.236162e+00
118,117,25,700,800,9.093521e-01
118,117,25,750,850,8.568176e-01
118,117,25,800,900,7.962905e-01
118,117,25,850,950,7.690792e-01
119,118,25,0,100,2.227018e+00
119,118,25,50,150,2.013732e+00
119,118,25,100,200,1.080133e+00
119,118,25,150,250,1.504854e+00
119,118,25,200,300,1.668300e+00
119,118,25,250,350,1.465385e+00
119,118,25,300,400,1.578247e+00
119,118,25,350,450,1.580438e+00
119,118,25,400,500,1.578678e+00
119,118,25,450,550,1.356307e+00
119,118,25,500,600,2.658312e+00
119,118,25,550,650,2.102445e+00
119,118,25,600,700,1.570405e+00
119,118,25,650,750,1.384188e+00
119,118,25,700,800,1.160842e+00
119,118,25,750,850,8.343261e-01
119,118,25,800,900,8.045472e-01
119,118,25,850,950,7.698241e-01
120,119,25,0,100,3.434358e+00
120,119,25,50,150,2.684893e+00
120,119,25,100,200,2.393597e+00
120,119,25,150,250,1.398777e+00
120,119,25,200,300,1.953535e+00
120,119,25,250,350,2.387502e+00
120,119,25,300,400,2.154217e+00
120,119,25,350,450,1.874204e+00
120,119,25,400,500,1.877697e+00
120,119,25,450,550,2.380473e+00
120,119,25,500,600,1.916755e+00
120,119,25,550,650,3.585368e+00
120,119,25,600,700,2.613643e+00
120,119,25,650,750,2.058903e+00
120,119,25,700,800,1.906082e+00
120,119,25,750,850,1.327714e+00
120,119,25,800,900,1.354752e+00
120,119,25,850,950,1.198280e+00
121,120,25,200,300,1.981512e+00
121,120,25,250,350,2.314382e+00
121,120,25,300,400,1.540853e+00
121,120,25,350,450,1.768642e+00
121,120,25,400,500,1.779052e+00
121,120,25,450,550,1.702022e+00
121,120,25,500,600,2.616427e+00
121,120,25,550,650,5.298062e+00
121,120,25,600,700,2.929968e+00
121,120,25,650,750,1.172046e+00
121,120,25,700,800,6.215873e-01
121,120,25,750,850,6.114693e-01
121,120,25,800,900,6.761862e-01
121,120,25,850,950,6.838871e-01
122,121,25,0,100,3.245477e+00
122,121,25,50,150,2.232381e+00
122,121,25,100,200,1.945832e+00
122,121,25,150,250,2.756911e+00
122,121,25,200,300,3.789407e+00
122,121,25,250,350,4.205213e+00
122,121,25,300,400,3.538002e+00
122,121,25,350,450,4.025167e+00
122,121,25,400,500,4.028509e+00
122,121,25,450,550,2.806181e+00
122,121,25,500,600,3.151575e+00
122,121,25,550,650,6.660285e+00
122,121,25,600,700,2.471932e+00
122,121,25,650,750,1.963356e+00
122,121,25,700,800,9.685315e-01
122,121,25,750,850,5.931030e-01
122,121,25,800,900,5.165003e-01
122,121,25,850,950,5.979121e-01
123,122,25,0,100,4.247143e+00
123,122,25,50,150,3.319019e+00
123,122,25,100,200,1.305682e+00
123,122,25,150,250,1.165742e+00
123,122,25,200,300,1.726735e+00
123,122,25,250,350,1.712894e+00
123,122,25,300,400,1.556807e+00
123,122,25,350,450,1.756934e+00
123,122,25,400,500,1.756951e+00
123,122,25,450,550,1.358760e+00
123,122,25,500,600,2.015326e+00
123,122,25,550,650,1.992890e+00
123,122,25,600,700,1.550028e+00
123,122,25,650,750,1.031527e+00
123,122,25,700,800,8.807488e-01
123,122,25,750,850,9.110945e-01
123,122,25,800,900,9.054314e-01
123,122,25,850,950,1.816699e+00
124,123,25,0,100,1.814422e+00
124,123,25,50,150,1.001027e+00
124,123,25,100,200,1.100341e+00
124,123,25,150,250,1.394322e+00
124,123,25,200,300,1.998037e+00
124,123,25,250,350,1.623828e+00
124,123,25,300,400,1.654555e+00
124,123,25,350,450,2.105867e+00
124,123,25,400,500,2.111613e+00
124,123,25,450,550,1.633913e+00
124,123,25,500,600,2.594833e+00
124,123,25,550,650,3.224258e+00
124,123,25,600,700,2.356006e+00
124,123,25,650,750,1.177905e+00
124,123,25,700,800,8.299780e-01
124,123,25,750,850,5.773534e-01
124,123,25,800,900,4.792251e-01
124,123,25,850,950,5.502916e-01
125,124,25,0,100,4.191977e+00
125,124,25,50,150,2.584897e+00
125,124,25,100,200,1.020093e+00
125,124,25,150,250,2.371443e+00
125,124,25,200,300,2.684906e+00
125,124,25,250,350,2.357641e+00
125,124,25,300,400,2.492511e+00
125,124,25,350,450,2.685718e+00
125,124,25,400,500,2.688802e+00
125,124,25,450,550,2.034744e+00
125,124,25,500,600,2.501338e+00
125,124,25,550,650,3.232256e+00
125,124,25,600,700,2.074148e+00
125,124,25,650,750,9.839137e-01
125,124,25,700,800,6.537936e-01
125,124,25,750,850,5.865879e-01
125,124,25,800,900,6.291207e-01
125,124,25,850,950,7.251092e-01
126,125,25,0,100,2.402235e+01
126,125,25,50,150,7.845418e+00
126,125,25,100,200,1.731664e+00
126,125,25,150,250,4.466819e+00
126,125,25,200,300,3.928286e+00
126,125,25,250,350,3.027259e+00
126,125,25,300,400,3.123133e+00
126,125,25,350,450,3.283780e+00
126,125,25,400,500,3.259805e+00
126,125,25,450,550,2.741929e+00
126,125,25,500,600,5.369830e+00
126,125,25,550,650,9.730043e+00
126,125,25,600,700,4.136735e+00
126,125,25,650,750,1.958114e+00
126,125,25,700,800,2.455211e+00
126,125,25,750,850,1.976460e+00
126,125,25,800,900,1.526193e+00
126,125,25,850,950,2.137852e+00
127,126,25,0,100,2.607367e+00
127,126,25,50,150,1.243931e+00
127,126,25,100,200,1.505365e+00
127,126,25,150,250,3.268538e+00
127,126,25,200,300,4.308857e+00
127,126,25,250,350,4.304797e+00
127,126,25,300,400,3.194222e+00
127,126,25,350,450,3.768258e+00
127,126,25,400,500,3.771076e+00
127,126,25,450,550,2.224911e+00
127,126,25,500,600,3.756390e+00
127,126,25,550,650,5.006115e+00
127,126,25,600,700,3.068315e+00
127,126,25,650,750,2.999832e+00
127,126,25,700,800,3.156719e+00
127,126,25,750,850,4.734012e+00
127,126,25,800,900,5.308818e+00
127,126,25,850,950,4.411302e+00
128,127,25,0,100,4.552072e+00
128,127,25,50,150,6.358127e+00
128,127,25,100,200,2.605817e+00
128,127,25,150,250,3.390877e+00
128,127,25,200,300,3.295615e+00
128,127,25,250,350,2.526352e+00
128,127,25,300,400,2.221009e+00
128,127,25,350,450,2.491129e+00
128,127,25,400,500,2.490251e+00
128,127,25,450,550,2.929672e+00
128,127,25,500,600,3.780792e+00
128,127,25,550,650,1.212205e+01
128,127,25,600,700,3.130384e+00
128,127,25,650,750,1.795973e+00
128,127,25,700,800,1.285874e+00
128,127,25,750,850,7.757881e-01
128,127,25,800,900,5.799837e-01
128,127,25,850,950,7.292862e-01
129,128,25,0,100,1.826088e+00
129,128,25,50,150,2.285468e+00
129,128,25,100,200,1.504816e+00
129,128,25,150,250,1.690166e+00
129,128,25,200,300,2.646343e+00
129,128,25,250,350,3.286545e+00
129,128,25,300,400,2.083391e+00
129,128,25,350,450,2.990862e+00
129,128,25,400,500,2.643054e+00
129,128,25,450,550,1.745179e+00
129,128,25,500,600,2.250737e+00
129,128,25,550,650,2.696669e+00
129,128,25,600,700,1.611701e+00
129,128,25,650,750,1.438715e+00
129,128,25,700,800,1.548384e+00
129,128,25,750,850,1.051782e+00
129,128,25,800,900,1.209914e+00
129,128,25,850,950,1.397029e+00
130,129,25,0,100,2.454800e+00
130,129,25,50,150,1.568108e+00
130,129,25,100,200,1.036077e+00
130,129,25,150,250,2.198875e+00
130,129,25,200,300,3.408714e+00
130,129,25,250,350,2.541392e+00
130,129,25,300,400,3.342661e+00
130,129,25,350,450,3.492240e+00